period,PADD1_stocks,PADD1_runs,PADD1_prod,PADD1_imp,PADD1_JET_YIELD
2015-01-02,8734.0,1163.0,99.0,150.0,0.08512467755803955
2015-01-09,8832.0,1119.0,104.0,81.0,0.09294012511170688
2015-01-16,9212.0,997.0,98.0,146.0,0.09829488465396188
2015-01-23,8677.0,1105.0,99.0,55.0,0.08959276018099548
2015-01-30,9632.0,1131.0,108.0,124.0,0.09549071618037135
2015-02-06,9622.0,1073.0,86.0,117.0,0.08014911463187326
2015-02-13,10113.0,937.0,83.0,164.0,0.08858057630736393
2015-02-20,10001.0,902.0,65.0,8.0,0.07206208425720621
2015-02-27,9322.0,791.0,55.0,125.0,0.0695322376738306
2015-03-06,8850.0,1038.0,88.0,1.0,0.08477842003853564
2015-03-13,9147.0,1049.0,93.0,97.0,0.0886558627264061
2015-03-20,8854.0,1087.0,100.0,71.0,0.09199632014719411
2015-03-27,7380.0,1097.0,117.0,69.0,0.10665451230628988
2015-04-03,8170.0,1089.0,104.0,174.0,0.09550045913682277
2015-04-10,8594.0,1102.0,108.0,114.0,0.09800362976406533
2015-04-17,8087.0,1105.0,114.0,32.0,0.10316742081447963
2015-04-24,8852.0,1154.0,121.0,152.0,0.1048526863084922
2015-05-01,8846.0,1187.0,112.0,80.0,0.09435551811288964
2015-05-08,9146.0,1191.0,104.0,112.0,0.0873215785054576
2015-05-15,9287.0,1193.0,121.0,74.0,0.10142497904442582
2015-05-22,10295.0,1195.0,99.0,97.0,0.08284518828451883
2015-05-29,10578.0,1108.0,110.0,132.0,0.09927797833935018
2015-06-05,11866.0,1132.0,105.0,96.0,0.09275618374558305
2015-06-12,12642.0,1159.0,82.0,66.0,0.07075064710957722
2015-06-19,11865.0,1221.0,79.0,12.0,0.0647010647010647
2015-06-26,12399.0,1203.0,87.0,115.0,0.07231920199501247
2015-07-03,12569.0,1181.0,81.0,63.0,0.06858594411515664
2015-07-10,11141.0,1206.0,79.0,32.0,0.06550580431177445
2015-07-17,11495.0,1198.0,95.0,147.0,0.07929883138564274
2015-07-24,10666.0,1200.0,102.0,44.0,0.085
2015-07-31,12746.0,1232.0,98.0,68.0,0.07954545454545454
2015-08-07,11727.0,1234.0,93.0,27.0,0.0753646677471637
2015-08-14,10616.0,1192.0,99.0,75.0,0.08305369127516779
2015-08-21,11470.0,1198.0,87.0,25.0,0.07262103505843072
2015-08-28,9828.0,1220.0,94.0,32.0,0.07704918032786885
2015-09-04,9536.0,1181.0,90.0,44.0,0.07620660457239628
2015-09-11,10084.0,1085.0,81.0,23.0,0.07465437788018434
2015-09-18,9357.0,1043.0,90.0,51.0,0.0862895493767977
2015-09-25,10102.0,1036.0,95.0,20.0,0.0916988416988417
2015-10-02,10002.0,1020.0,87.0,37.0,0.08529411764705883
2015-10-09,9444.0,1144.0,84.0,75.0,0.07342657342657342
2015-10-16,10035.0,1140.0,86.0,20.0,0.07543859649122807
2015-10-23,8945.0,1144.0,96.0,121.0,0.08391608391608392
2015-10-30,10177.0,1109.0,97.0,15.0,0.08746618575293057
2015-11-06,8412.0,1160.0,107.0,61.0,0.09224137931034483
2015-11-13,9382.0,1174.0,87.0,8.0,0.07410562180579217
2015-11-20,10266.0,1187.0,113.0,54.0,0.09519797809604044
2015-11-27,9486.0,1217.0,131.0,48.0,0.1076417419884963
2015-12-04,9357.0,1131.0,101.0,18.0,0.08930150309460655
2015-12-11,8909.0,1075.0,81.0,105.0,0.07534883720930233
2015-12-18,8650.0,1084.0,88.0,20.0,0.08118081180811808
2015-12-25,9174.0,1156.0,86.0,24.0,0.07439446366782007
2016-01-01,9761.0,1179.0,95.0,57.0,0.08057675996607294
2016-01-08,10490.0,1137.0,97.0,15.0,0.0853122251539138
2016-01-15,10870.0,1196.0,88.0,177.0,0.07357859531772576
2016-01-22,12121.0,1196.0,94.0,120.0,0.07859531772575251
2016-01-29,11412.0,1057.0,83.0,13.0,0.07852412488174078
2016-02-05,10365.0,1022.0,77.0,67.0,0.07534246575342465
2016-02-12,10957.0,1084.0,76.0,98.0,0.07011070110701106
2016-02-19,10788.0,1073.0,87.0,67.0,0.08108108108108109
2016-02-26,10319.0,1125.0,92.0,175.0,0.08177777777777778
2016-03-04,9907.0,1111.0,96.0,104.0,0.08640864086408641
2016-03-11,10252.0,1021.0,99.0,58.0,0.0969637610186092
2016-03-18,10037.0,1021.0,78.0,111.0,0.07639569049951028
2016-03-25,10157.0,1061.0,90.0,7.0,0.08482563619227144
2016-04-01,11589.0,1134.0,108.0,91.0,0.09523809523809523
2016-04-08,10894.0,1142.0,92.0,105.0,0.08056042031523643
2016-04-15,11541.0,1161.0,101.0,25.0,0.08699397071490095
2016-04-22,11162.0,1167.0,92.0,53.0,0.07883461868037704
2016-04-29,9809.0,1170.0,89.0,32.0,0.07606837606837606
2016-05-06,11862.0,1206.0,92.0,44.0,0.07628524046434494
2016-05-13,11246.0,1197.0,74.0,97.0,0.061821219715956555
2016-05-20,10529.0,1177.0,82.0,43.0,0.06966864910790145
2016-05-27,11342.0,1146.0,86.0,38.0,0.07504363001745201
2016-06-03,10744.0,1104.0,81.0,7.0,0.07336956521739131
2016-06-10,11138.0,1158.0,89.0,62.0,0.0768566493955095
2016-06-17,11599.0,1175.0,88.0,41.0,0.0748936170212766
2016-06-24,9632.0,1172.0,91.0,40.0,0.07764505119453925
2016-07-01,10017.0,1136.0,92.0,25.0,0.08098591549295775
2016-07-08,10247.0,1124.0,81.0,28.0,0.07206405693950178
2016-07-15,9671.0,1104.0,94.0,99.0,0.08514492753623189
2016-07-22,9198.0,1085.0,93.0,21.0,0.08571428571428572
2016-07-29,10551.0,1093.0,92.0,49.0,0.08417200365965233
2016-08-05,9868.0,1031.0,82.0,46.0,0.07953443258971872
2016-08-12,8589.0,1076.0,89.0,44.0,0.08271375464684015
2016-08-19,9997.0,1090.0,91.0,10.0,0.0834862385321101
2016-08-26,9305.0,1108.0,75.0,43.0,0.06768953068592058
2016-09-02,10348.0,1145.0,81.0,64.0,0.07074235807860262
2016-09-09,9208.0,1092.0,76.0,79.0,0.0695970695970696
2016-09-16,10255.0,1101.0,65.0,117.0,0.05903723887375113
2016-09-23,9237.0,1064.0,75.0,14.0,0.07048872180451128
2016-09-30,11324.0,1058.0,79.0,99.0,0.07466918714555766
2016-10-07,10778.0,1029.0,62.0,8.0,0.06025267249757046
2016-10-14,11852.0,1065.0,80.0,57.0,0.07511737089201878
2016-10-21,12018.0,1098.0,89.0,29.0,0.08105646630236794
2016-10-28,11365.0,1089.0,89.0,38.0,0.08172635445362718
2016-11-04,11659.0,1135.0,90.0,27.0,0.07929515418502203
2016-11-11,11386.0,1080.0,90.0,20.0,0.08333333333333333
2016-11-18,10913.0,1157.0,86.0,24.0,0.07433016421780467
2016-11-25,12113.0,1087.0,91.0,19.0,0.08371665133394664
2016-12-02,12430.0,1112.0,98.0,74.0,0.08812949640287769
2016-12-09,11980.0,1111.0,85.0,101.0,0.07650765076507651
2016-12-16,12084.0,1082.0,73.0,29.0,0.06746765249537892
2016-12-23,9675.0,1061.0,76.0,6.0,0.07163053722902922
2016-12-30,9995.0,1013.0,75.0,77.0,0.07403751233958539
2017-01-06,10640.0,1026.0,78.0,43.0,0.07602339181286549
2017-01-13,9950.0,1006.0,69.0,122.0,0.06858846918489066
2017-01-20,9538.0,1027.0,72.0,70.0,0.07010710808179163
2017-01-27,10971.0,1081.0,87.0,19.0,0.08048103607770583
2017-02-03,8968.0,1073.0,74.0,74.0,0.06896551724137931
2017-02-10,8691.0,996.0,72.0,27.0,0.07228915662650602
2017-02-17,10329.0,925.0,58.0,43.0,0.0627027027027027
2017-02-24,9854.0,843.0,71.0,96.0,0.08422301304863583
2017-03-03,10571.0,859.0,67.0,22.0,0.0779976717112922
2017-03-10,11684.0,864.0,69.0,65.0,0.0798611111111111
2017-03-17,10838.0,850.0,61.0,25.0,0.07176470588235294
2017-03-24,10581.0,773.0,76.0,51.0,0.09831824062095731
2017-03-31,10811.0,940.0,89.0,42.0,0.09468085106382979
2017-04-07,9912.0,989.0,77.0,27.0,0.07785642062689585
2017-04-14,10243.0,1061.0,77.0,86.0,0.07257304429783223
2017-04-21,10969.0,1135.0,101.0,94.0,0.08898678414096917
2017-04-28,11262.0,1130.0,108.0,47.0,0.09557522123893805
2017-05-05,12868.0,1148.0,95.0,120.0,0.08275261324041812
2017-05-12,10991.0,1104.0,83.0,33.0,0.07518115942028986
2017-05-19,11955.0,1093.0,83.0,44.0,0.07593778591033852
2017-05-26,10048.0,1118.0,87.0,28.0,0.0778175313059034
2017-06-02,12153.0,1133.0,107.0,17.0,0.09443954104148279
2017-06-09,11291.0,1097.0,91.0,52.0,0.0829535095715588
2017-06-16,9658.0,1111.0,86.0,41.0,0.0774077407740774
2017-06-23,11454.0,1172.0,106.0,20.0,0.09044368600682594
2017-06-30,9905.0,1144.0,88.0,46.0,0.07692307692307693
2017-07-07,9247.0,1081.0,92.0,106.0,0.0851063829787234
2017-07-14,9829.0,1046.0,88.0,27.0,0.0841300191204589
2017-07-21,9075.0,1065.0,89.0,48.0,0.0835680751173709
2017-07-28,9993.0,1095.0,103.0,15.0,0.09406392694063927
2017-08-04,8637.0,1113.0,90.0,32.0,0.08086253369272237
2017-08-11,8450.0,1137.0,105.0,25.0,0.09234828496042216
2017-08-18,9733.0,1138.0,101.0,48.0,0.08875219683655536
2017-08-25,8284.0,1123.0,101.0,151.0,0.08993766696349065
2017-09-01,8520.0,1142.0,115.0,46.0,0.10070052539404553
2017-09-08,8985.0,1151.0,98.0,25.0,0.08514335360556038
2017-09-15,9371.0,1147.0,113.0,153.0,0.0985178727114211
2017-09-22,9837.0,1109.0,90.0,153.0,0.0811541929666366
2017-09-29,11566.0,1006.0,77.0,181.0,0.07654075546719682
2017-10-06,10552.0,1125.0,103.0,28.0,0.09155555555555556
2017-10-13,11269.0,1114.0,102.0,52.0,0.09156193895870736
2017-10-20,10038.0,1043.0,88.0,92.0,0.08437200383509108
2017-10-27,9616.0,1067.0,90.0,119.0,0.08434864104967198
2017-11-03,10077.0,1144.0,99.0,78.0,0.08653846153846154
2017-11-10,8442.0,1180.0,85.0,34.0,0.07203389830508475
2017-11-17,9057.0,1165.0,100.0,108.0,0.08583690987124463
2017-11-24,10252.0,1170.0,116.0,62.0,0.09914529914529914
2017-12-01,8165.0,1131.0,119.0,73.0,0.10521662245800177
2017-12-08,9360.0,1077.0,101.0,15.0,0.09377901578458682
2017-12-15,9298.0,1091.0,100.0,218.0,0.09165902841429881
2017-12-22,8587.0,1163.0,115.0,81.0,0.09888220120378331
2017-12-29,10046.0,1120.0,101.0,152.0,0.09017857142857143
2018-01-05,10539.0,1053.0,97.0,84.0,0.09211775878442545
2018-01-12,9013.0,959.0,101.0,52.0,0.10531803962460896
2018-01-19,9122.0,1063.0,116.0,22.0,0.10912511759172154
2018-01-26,10046.0,1125.0,110.0,115.0,0.09777777777777778
2018-02-02,10030.0,1137.0,100.0,99.0,0.08795074758135445
2018-02-09,10178.0,1001.0,84.0,55.0,0.08391608391608392
2018-02-16,8894.0,945.0,86.0,57.0,0.091005291005291
2018-02-23,9621.0,1009.0,69.0,42.0,0.06838453914767097
2018-03-02,10683.0,935.0,75.0,73.0,0.08021390374331551
2018-03-09,8711.0,957.0,66.0,47.0,0.06896551724137931
2018-03-16,8860.0,944.0,85.0,36.0,0.09004237288135593
2018-03-23,9118.0,911.0,70.0,88.0,0.07683863885839737
2018-03-30,8165.0,949.0,82.0,19.0,0.08640674394099052
2018-04-06,8524.0,1080.0,85.0,32.0,0.0787037037037037
2018-04-13,8395.0,1099.0,102.0,70.0,0.09281164695177434
2018-04-20,8707.0,1086.0,99.0,29.0,0.09116022099447514
2018-04-27,8746.0,1158.0,120.0,11.0,0.10362694300518134
2018-05-04,9712.0,1161.0,119.0,31.0,0.1024978466838932
2018-05-11,9749.0,1175.0,122.0,64.0,0.10382978723404256
2018-05-18,10968.0,1139.0,112.0,48.0,0.09833187006145742
2018-05-25,10071.0,1185.0,106.0,37.0,0.08945147679324894
2018-06-01,11791.0,1142.0,101.0,105.0,0.08844133099824869
2018-06-08,12223.0,1135.0,91.0,44.0,0.0801762114537445
2018-06-15,11173.0,1153.0,79.0,83.0,0.06851691240242845
2018-06-22,12122.0,1192.0,107.0,45.0,0.08976510067114093
2018-06-29,10470.0,1212.0,113.0,29.0,0.09323432343234324
2018-07-06,11553.0,1205.0,116.0,96.0,0.09626556016597511
2018-07-13,10904.0,1139.0,102.0,19.0,0.08955223880597014
2018-07-20,10381.0,1135.0,106.0,23.0,0.0933920704845815
2018-07-27,10618.0,1159.0,99.0,29.0,0.08541846419327007
2018-08-03,9368.0,1148.0,99.0,109.0,0.08623693379790941
2018-08-10,10139.0,1139.0,112.0,36.0,0.09833187006145742
2018-08-17,8593.0,1085.0,110.0,61.0,0.10138248847926268
2018-08-24,10163.0,1080.0,123.0,62.0,0.11388888888888889
2018-08-31,10952.0,1085.0,100.0,29.0,0.09216589861751152
2018-09-07,10049.0,1136.0,99.0,43.0,0.08714788732394366
2018-09-14,11245.0,1039.0,87.0,62.0,0.08373435996150144
2018-09-21,11436.0,950.0,88.0,162.0,0.09263157894736843
2018-09-28,11984.0,968.0,73.0,109.0,0.07541322314049587
2018-10-05,11836.0,843.0,55.0,71.0,0.06524317912218268
2018-10-12,11549.0,915.0,58.0,8.0,0.0633879781420765
2018-10-19,12192.0,953.0,65.0,6.0,0.06820566631689402
2018-10-26,10689.0,934.0,54.0,13.0,0.057815845824411134
2018-11-02,11096.0,912.0,50.0,57.0,0.05482456140350877
2018-11-09,10131.0,922.0,57.0,13.0,0.06182212581344902
2018-11-16,8740.0,944.0,46.0,46.0,0.048728813559322036
2018-11-23,10073.0,1053.0,58.0,46.0,0.055080721747388414
2018-11-30,8254.0,1139.0,96.0,28.0,0.08428446005267778
2018-12-07,9564.0,1040.0,94.0,30.0,0.09038461538461538
2018-12-14,8946.0,1027.0,96.0,7.0,0.0934761441090555
2018-12-21,8290.0,1021.0,92.0,17.0,0.0901077375122429
2018-12-28,9085.0,1124.0,107.0,7.0,0.09519572953736655
2019-01-04,8421.0,1076.0,94.0,56.0,0.08736059479553904
2019-01-11,7007.0,1154.0,121.0,10.0,0.1048526863084922
2019-01-18,8757.0,1084.0,112.0,19.0,0.1033210332103321
2019-01-25,8098.0,886.0,84.0,47.0,0.09480812641083522
2019-02-01,9750.0,914.0,94.0,114.0,0.10284463894967177
2019-02-08,10373.0,853.0,86.0,62.0,0.10082063305978899
2019-02-15,9506.0,784.0,81.0,84.0,0.10331632653061225
2019-02-22,9811.0,735.0,83.0,117.0,0.11292517006802721
2019-03-01,10958.0,829.0,80.0,61.0,0.09650180940892641
2019-03-08,9490.0,879.0,77.0,102.0,0.0875995449374289
2019-03-15,10334.0,947.0,84.0,111.0,0.08870116156282999
2019-03-22,10624.0,955.0,88.0,66.0,0.09214659685863874
2019-03-29,8814.0,967.0,72.0,41.0,0.07445708376421924
2019-04-05,10988.0,977.0,72.0,102.0,0.0736949846468782
2019-04-12,10394.0,992.0,84.0,81.0,0.0846774193548387
2019-04-19,10523.0,1073.0,96.0,65.0,0.08946877912395154
2019-04-26,9750.0,1132.0,97.0,48.0,0.08568904593639576
2019-05-03,9341.0,1027.0,93.0,21.0,0.09055501460564752
2019-05-10,10309.0,1037.0,62.0,96.0,0.05978784956605593
2019-05-17,9571.0,1081.0,103.0,84.0,0.09528214616096208
2019-05-24,9554.0,1131.0,127.0,31.0,0.11229000884173299
2019-05-31,8052.0,1146.0,121.0,24.0,0.1055846422338569
2019-06-07,9268.0,1129.0,133.0,36.0,0.11780336581045173
2019-06-14,10372.0,1125.0,127.0,80.0,0.11288888888888889
2019-06-21,9650.0,1037.0,127.0,76.0,0.12246865959498554
2019-06-28,9518.0,901.0,108.0,28.0,0.11986681465038845
2019-07-05,9254.0,850.0,107.0,69.0,0.12588235294117647
2019-07-12,10568.0,845.0,117.0,53.0,0.13846153846153847
2019-07-19,10224.0,947.0,120.0,95.0,0.12671594508975711
2019-07-26,9590.0,932.0,103.0,56.0,0.11051502145922747
2019-08-02,11091.0,906.0,126.0,24.0,0.1390728476821192
2019-08-09,9128.0,867.0,114.0,103.0,0.1314878892733564
2019-08-16,10677.0,846.0,111.0,31.0,0.13120567375886524
2019-08-23,10701.0,818.0,95.0,18.0,0.11613691931540342
2019-08-30,10265.0,846.0,121.0,136.0,0.1430260047281324
2019-09-06,12603.0,828.0,113.0,5.0,0.13647342995169082
2019-09-13,10266.0,825.0,94.0,88.0,0.11393939393939394
2019-09-20,12324.0,832.0,91.0,63.0,0.109375
2019-09-27,10721.0,821.0,85.0,25.0,0.10353227771010962
2019-10-04,10708.0,743.0,89.0,15.0,0.11978465679676985
2019-10-11,10425.0,732.0,72.0,24.0,0.09836065573770492
2019-10-18,9659.0,738.0,73.0,33.0,0.0989159891598916
2019-10-25,10067.0,727.0,45.0,68.0,0.061898211829436035
2019-11-01,8778.0,730.0,73.0,39.0,0.1
2019-11-08,8410.0,799.0,99.0,23.0,0.12390488110137672
2019-11-15,9536.0,805.0,101.0,52.0,0.12546583850931678
2019-11-22,8035.0,840.0,113.0,55.0,0.13452380952380952
2019-11-29,8485.0,848.0,98.0,5.0,0.11556603773584906
2019-12-06,9234.0,824.0,92.0,5.0,0.11165048543689321
2019-12-13,7865.0,834.0,90.0,55.0,0.1079136690647482
2019-12-20,9642.0,821.0,111.0,12.0,0.13520097442143728
2019-12-27,8451.0,833.0,111.0,57.0,0.1332533013205282
2020-01-03,10322.0,823.0,108.0,73.0,0.13122721749696234
2020-01-10,9797.0,836.0,106.0,29.0,0.12679425837320574
2020-01-17,9865.0,792.0,96.0,57.0,0.12121212121212122
2020-01-24,10662.0,752.0,92.0,37.0,0.12234042553191489
2020-01-31,10688.0,807.0,117.0,9.0,0.1449814126394052
2020-02-07,9428.0,806.0,94.0,28.0,0.11662531017369727
2020-02-14,9073.0,725.0,75.0,36.0,0.10344827586206896
2020-02-21,10128.0,709.0,90.0,9.0,0.12693935119887165
2020-02-28,8936.0,690.0,80.0,82.0,0.11594202898550725
2020-03-06,10353.0,719.0,89.0,69.0,0.12378303198887343
2020-03-13,8853.0,698.0,59.0,13.0,0.08452722063037249
2020-03-20,9265.0,710.0,63.0,6.0,0.08873239436619719
2020-03-27,10523.0,627.0,31.0,18.0,0.049441786283891544
2020-04-03,10475.0,568.0,29.0,37.0,0.051056338028169015
2020-04-10,11760.0,484.0,15.0,0.0,0.030991735537190084
2020-04-17,11653.0,536.0,8.0,15.0,0.014925373134328358
2020-04-24,10896.0,572.0,-5.0,59.0,-0.008741258741258742
2020-05-01,10186.0,620.0,-11.0,80.0,-0.017741935483870968
2020-05-08,10576.0,588.0,-1.0,106.0,-0.0017006802721088435
2020-05-15,9818.0,617.0,0.0,91.0,0.0
2020-05-22,9632.0,611.0,1.0,156.0,0.0016366612111292963
2020-05-29,9682.0,624.0,8.0,60.0,0.01282051282051282
2020-06-05,8951.0,628.0,7.0,45.0,0.011146496815286623
2020-06-12,9947.0,601.0,8.0,200.0,0.013311148086522463
